55
0.000593051
0.000912459
0.000804142
0.00120622
0.000538326
0.000574485
0.00054909
0.000569188
0.000571584
0.000706136
0.000557482
0.000779693
0.000534664
0.000720873
0.000579509
0.000665521
0.00054403
0.000601714
0.000430129
0.000487741
0.000433791
0.000422757
0.000397363
0.000360675
0.000350835
0.000357139
0.000378098
0.000248608
0.000243932
0.000259692
0.000252131
0.000223412
0.000199825
0.000209394
0.000191859
0.000192512
0.000186665
0.000175055
0.000180332
4.08432e-05
4.73869e-05
4.73547e-05
4.24042e-05
4.21524e-05
5.07264e-05
4.84373e-05
4.82734e-05
4.32584e-05
4.74281e-05
4.8269e-05
4.80964e-05
4.6132e-05
4.73806e-05
5.32696e-05
4.27391e-05
4.43411e-05
4.48951
3.46809
2.02953
3.16388
3.46206
5.09791
3.52679
4.64498
0.0813827
0.855095
3.57441
2.32315
1.75425
2.2345
1.53744
1.47368
2.43398
3.64702
0.0691028
0.739204
0.337533
0.323651
0.304553
0.294779
0.31117
0.360303
0.438018
0.47239
0.511523
0.554317
0.599912
0.647648
0.582777
0.501428
0.425031
0.359346
0.308242
0.255799
0.271428
0.301984
0.336887
0.370324
0.400625
0.428024
0.4533
0.454674
0.409333
0.372386
0.345103
0.328457
0.303408
0.25236
0.216389
0.199049
0.201044
0.21851
0.245574
0.277421
0.31101
0.344603
0.35894
0.349455
0.341188
0.334083
0.328071
0.323076
0.319017
0.315806
0.313355
0.311576
0.310384
0.309696
0.309437
0.309535
0.309927
0.310555
0.304218
0.293159
0.274739
0.251668
0.226941
0.202139
0.180321
0.165612
0.129043
0.108563
0.14483
0.117046
0.10791
0.107119
0.117953
0.147728
0.178009
0.138053
0.114256
0.110435
0.105722
0.105771
0.114717
0.134438
0.161605
0.19337
0.20015
0.153954
0.122979
0.109224
0.112184
0.108197
0.108826
0.111259
0.114606
0.120679
0.12381
0.112939
0.109702
0.112981
0.12126
0.132987
0.146851
0.161846
0.177251
0.192568
0.207463
0.221723
0.235217
0.245061
0.250765
0.255946
0.26063
0.264842
0.268611
0.271963
5.6
0.300965
0.00537438
0.000537438
3.08192
1.97867
0.353293
0.199049
0.167354
0.105722
