10 16 0.1
0.0675 0.0675 0.2
1.759 0.773 0.5
-0.142 -1.836 0.5
0.307 1.834 0.5
-1.765 -0.404 0.5
1.748 1.77 0.5
1.727 0.434 0.5
-1.071 -0.097 0.5
0.68 -1.826 0.5
-1.819 0.55 0.5
-1.787 -0.065 0.5
-1.787 -0.065 0.5
-1.765 -0.404 0.5
1.759 0.773 0.5
-0.142 -1.836 0.5
1.727 0.434 0.5
1.748 1.77 0.5
0.68 -1.826 0.5
0.307 1.834 0.5
-1.819 0.55 0.5
-1.071 -0.097 0.5
-0.441 -1.518 0
-1.359 1.535 0
0.424 1.006 0
0.029 -0.829 0
-1.562 -1.624 0
-1.135 -1.179 0
1.139 -0.309 0
-0.046 1.452 0
-0.003 -0.128 0
-1.146 0.37 0
-0.708 1.038 0
0.264 -1.56 0
0.744 0.37 0
0.84 -1.03 0
-0.644 -0.701 0
1.31 -1.497 0
0.13 0.13 10
0.13 0.13 10
0.13 0.13 10
0.13 0.13 10
0.13 0.13 10
0.13 0.13 10
0.13 0.13 10
0.13 0.13 10
0.13 0.13 10
0.13 0.13 10
0.13 0.13 10
0.13 0.13 10
0.13 0.13 10
0.13 0.13 10
0.13 0.13 10
0.13 0.13 10
